[?25l[0m [38;2;0;0;0m                    [0m [38;2;139;69;137m▃[38;2;115;60;172m▅[38;2;74;54;128m▂               [0m
 [38;2;0;0;0m                  [0m [38;2;202;100;114m▃[38;2;156;78;171;48;2;121;60;68m▆[38;2;126;63;190;48;2;127;64;189m┈[48;2;126;63;190m [48;2;125;67;193m┈[0m[38;2;120;80;201m▅[38;2;87;85;173m▂             [0m
 [38;2;0;0;0m                [0m [38;2;207;103;103m▃[38;2;129;64;64;48;2;211;105;144m▘[38;2;197;98;156;48;2;127;64;189m▘[48;2;126;63;190m     [38;2;126;110;237;48;2;126;66;193m▝[0m[38;2;121;104;227m▅[38;2;87;87;176m▖           [0m
 [38;2;0;0;0m              [0m [38;2;193;96;96m▃[7m[38;2;243;121;124m▘[0m[38;2;146;73;181;48;2;229;114;139m▄[38;2;126;63;190;48;2;128;64;189m┈[48;2;126;63;190m       [48;2;126;65;192m┈[38;2;126;75;202;48;2;126;116;244m▄[0m[38;2;119;118;239m▅[38;2;76;76;154m▖         [0m
 [38;2;0;0;0m             [38;2;206;102;102m▗[7m[38;2;242;120;120m▘[0m[38;2;179;89;166;48;2;252;125;127m▗[38;2;217;108;147;48;2;130;65;188m▘[48;2;126;63;190m           [38;2;126;112;239;48;2;126;66;193m▝[38;2;126;126;254;48;2;125;117;243m┊[0m[38;2;111;111;223m▅[0m [38;2;59;59;118m       [0m
 [38;2;0;0;0m           [38;2;177;88;88m▗[7m[38;2;234;116;116m▘[0m[38;2;59;29;29;48;2;254;126;126m [38;2;129;64;189;48;2;225;112;141m▗[38;2;126;63;190;48;2;131;66;188m┈[48;2;126;63;190m             [38;2;126;65;192;48;2;126;85;212m▇[38;2;126;71;198;48;2;126;121;248m▖[38;2;124;124;250;48;2;85;85;172m▇[0m[38;2;99;99;199m▄[0m [38;2;0;0;0m     [0m
 [38;2;0;0;0m         [38;2;143;71;71m▗[38;2;237;118;118m▅[38;2;254;126;126;48;2;253;126;126m┈[38;2;204;101;153;48;2;249;123;129m▁[38;2;239;119;135;48;2;139;69;184m▘[48;2;126;63;190m                [38;2;126;63;190;48;2;126;64;191m┈[38;2;126;64;191;48;2;126;112;239m▖[48;2;126;126;254m [0m[7m[38;2;121;121;245m▝[0m[38;2;79;79;159m▖    [0m
 [38;2;0;0;0m       [38;2;133;66;66m▁[38;2;224;111;111m▅[38;2;254;126;126;48;2;250;124;124m┈[48;2;254;126;126m [38;2;145;72;182;48;2;243;120;132m▗[38;2;132;66;187;48;2;181;90;164m▇[48;2;126;63;190m                   [38;2;126;64;191;48;2;126;109;237m▖[48;2;126;126;254m [38;2;126;126;254;48;2;122;122;245m┈[0m[38;2;123;123;248m▖   [0m
 [38;2;0;0;0m     [0m [38;2;228;113;113m▄[38;2;254;126;126;48;2;244;121;121m┈[48;2;254;126;126m [48;2;250;124;128m┈[38;2;253;125;127;48;2;159;79;174m▘[38;2;126;63;190;48;2;127;63;190m┈[48;2;126;63;190m                     [38;2;126;70;197;48;2;126;120;247m▖[48;2;126;126;254m  [0m[7m[38;2;97;97;195m▝[0m [38;2;0;0;0m [0m
 [38;2;0;0;0m   [0m [38;2;208;103;103m▄[38;2;248;123;123;48;2;155;77;77m▇[48;2;254;126;126m  [38;2;177;88;167;48;2;252;125;127m▗[38;2;213;106;149;48;2;129;64;189m▘[48;2;126;63;190m                       [38;2;126;91;218;48;2;126;64;191m▝[38;2;126;126;254;48;2;126;125;253m┈[48;2;126;126;254m  [0m[7m[38;2;93;93;188m▝[0m[38;2;2;2;3m [0m
 [38;2;0;0;0m [0m [38;2;206;102;102m▃[38;2;142;70;70;48;2;251;125;125m▘[48;2;254;126;126m   [38;2;130;65;189;48;2;227;113;140m▗[38;2;126;63;190;48;2;131;66;188m┈[48;2;126;63;190m                         [38;2;126;72;199;48;2;126;126;254m▏  [38;2;126;126;254;48;2;126;126;253m┈[0m[38;2;88;88;178m▎[0m
 [38;2;210;104;104m▗[7m[38;2;245;121;121m▘[0m[38;2;97;48;48;48;2;254;126;126m   [38;2;210;104;150;48;2;250;124;128m▁[38;2;243;121;133;48;2;143;71;182m▘[48;2;126;63;190m                          [38;2;126;114;241;48;2;126;68;194m▗[48;2;126;126;254m    [0m[38;2;124;124;249m▍[0m
 [7m[38;2;207;103;103m▆[38;2;254;126;126m▆[38;2;250;124;124m▅[38;2;232;115;115m▄[38;2;205;118;154m▖[0m[38;2;185;92;163;48;2;126;99;226m▘[38;2;126;126;254;48;2;126;64;191m▃[38;2;126;120;247;48;2;126;63;190m▃[38;2;126;126;254;48;2;126;67;194m▂[38;2;126;125;253;48;2;126;64;191m▂[38;2;126;117;243;48;2;126;63;190m▂[38;2;126;109;236m▂[38;2;126;125;253;48;2;126;64;191m▁[38;2;126;112;238;48;2;126;63;190m▁[38;2;126;99;223m▁[38;2;126;74;200m▁              [38;2;126;105;231;48;2;126;64;190m▁[38;2;126;123;251;48;2;126;68;195m▂[38;2;126;121;248;48;2;126;71;198m▅[38;2;126;126;254;48;2;126;125;253m┈[48;2;126;126;254m   [0m[7m[38;2;120;120;242m▗[0m [0m
 [38;2;0;0;0m  [0m [38;2;102;102;207m▄[38;2;126;126;254;48;2;124;124;250m┈[48;2;126;126;254m           [48;2;126;119;246m▇[48;2;126;109;234m▇[48;2;126;93;218m▇[48;2;126;71;197m▇[38;2;126;125;253;48;2;126;64;191m▇[38;2;126;124;252;48;2;126;63;190m▇[38;2;126;123;250m▇[38;2;126;126;254;48;2;126;79;205m▆[48;2;126;74;200m▆[48;2;126;72;198m▆[48;2;126;73;199m▆[48;2;126;81;207m▆[38;2;126;125;253;48;2;126;64;191m▇[38;2;126;126;254;48;2;126;104;229m▇[48;2;126;126;254m   [38;2;64;64;129m▁[0m[7m[38;2;125;125;251m▂[38;2;115;115;231m▃[38;2;91;91;184m▅[0m [38;2;0;0;0m [0m
 [38;2;0;0;0m  [38;2;107;107;215m▝[7m[38;2;120;120;242m▃[38;2;123;123;248m▃[38;2;124;124;250m▃[38;2;125;125;251m▃[38;2;125;125;252m▃[38;2;125;125;253m▃[38;2;126;126;253m▃▃▃[38;2;125;125;253m▃[38;2;125;125;252m▃▃[38;2;124;124;251m▃[38;2;123;123;249m▃[38;2;121;121;244m▃[38;2;117;117;235m▃[38;2;126;126;254m▄▄▄[38;2;126;126;253m▄[38;2;119;119;239m▄[38;2;126;126;254m▅▅[38;2;123;123;249m▅[38;2;109;109;220m▅[38;2;126;126;254m▆[38;2;117;117;236m▆[38;2;94;94;190m▆[38;2;115;115;233m▇[0m [38;2;0;0;0m      [0m
[?25h